10 10
199 871 108 218 842 332 441 748 497 377
-362 -410 -241 -960 -208 -82 -270 -940 357 69
519 112 641 -361 845 537 154 914 -574 -969
-791 -372 473 -843 392 355 87 -970 -979 488
-220 393 421 -999 -760 -762 -899 -19 897 -706 
-252 390 -991 -386 -803 -548 720 -349 1 604 
-83 365 -757 247 927 744 634 -203 363 -100 
-556 -498 -983 -916 -685 972 -157 -735 -488 47 
-948 -771 -842 -264 525 817 5 -552 -985 -486 
595 -254 288 -847 676 -870 -710 117 -297 -456 
-555 -191 366 -860 -891 -237 154 -553 241 391 
902 -699 -217 -551 -780 -651 710 279 20 605